111111111111
111111111111
111111111111
111111111111
111111111111
111111111111
111111111111
111111111111
111111111111
111111111111
111111111111
111111111111
111111111111
111111111111
111111111111
111111111111
111111111111
111111111111
111111111111
111111111111
111111111111
111111111111
111111111111
111111111111
111111111111
111111111111
111111111111
111111111111
111111111111
111111111111
111111111111
111111111111
111111111111
111111111111
111111111111
111111111111
111111111111
111111111111
111111111111
111111111111
111111111101
111111110111
111111111111
111111111101
111111111111
111111101111
111111111111
111111111011
111111111111
111111101111
111111111111
111111110111
111111111111
111111011111
111111111111
111111011111
111111111111
111111111101
111111111111
111111111011
111110110111
110111111011
111111110100
111111110100
