1111111111111111
1111111111111111
1111111111111111
1111111111111111
1111111111111111
1111111111111111
1111111111111111
1111111111111111
1111111111111111
1111111111111111
1111111111111111
1111111111111111
1111111111111111
1111111111111111
1111111111111111
1111111111111111
1111111111111111
1111111111111111
1111111111111111
1111111111111111
1111111111111111
1111111111111111
1111111111111111
1111111111111111
1111111111111111
1111111111111111
1111111111111111
1111111111111111
1111111111111111
1111111111111111
1111111111111111
1111111111111111
1111111111111111
1111111111111111
1111111111111111
1111111111111111
1111111111111111
1111011111111111
1111111111111111
1110111111111111
1111111111111111
1101111111111111
1111111111111111
1111101111111111
1111111111111111
1110111111111111
1111111111111111
1101111111111111
1111111111111111
1111101111111111
1111111111111111
1111101111111111
1111111111111111
1111101111111111
1111111111111111
1111110111111111
1111111111111111
1101111111111111
1111111111111111
1110111111111111
0111110111111111
0101111111111111
1111100011111111
1111100011111111
1111100011111111
